21 41
37 91
27 83
37 3
4 82
79 73
13 5
5 40
71 49
63 1
9 84
66 7
18 69
17 45
53 3
62 28
97 100
73 48
80 61
52 25
51 32
49 58
31 14
28 12
3 76
70 71
75 29
16 42
98 43
57 30
74 28
85 35
100 99
12 46
79 63
12 72
36 61
35 76
9 45
62 71
56 0
38 32
22 70
76 48
33 56
65 13
99 57
43 45
59 9
39 24
40 31
75 44
8 77
19 62
31 13
81 4
9 79
95 49
80 69
70 53
3 91
76 15
88 62
58 21
45 88
38 66
34 28
1 4
47 32
44 97
1 1
29 56
41 28
23 30
9 25
44 52
55 71
57 9
18 23
75 96
40 35
93 35
90 62
90 86
36 76
95 27
92 30
56 7
0 51
8 99
39 74
98 73
67 16
25 0
6 72
6 21
44 85
81 32
68 5
31 62
