0 0 0 0 0.166667 0 0.5 0 0 0 0 0 0.2 0.142857 0 
1 0 0 0 0 0.166667 0.5 0 0 0 0 0 0 0.142857 0 
0 0.25 0 0 0 0.166667 0 0.5 0 0 0 0.333333 0.2 0.142857 0 
0 0.25 0.2 0 0 0.166667 0 0.5 0 0 0 0 0 0.142857 0.166667 
0 0 0.2 0.166667 0 0.166667 0 0 0.5 0 0 0 0.2 0.142857 0.166667 
0 0.25 0.2 0.166667 0 0 0 0 0.5 0 0 0 0 0.142857 0.166667 
0 0.25 0 0.166667 0 0.166667 0 0 0 0.333333 0 0 0 0.142857 0.166667 
0 0 0 0.166667 0 0.166667 0 0 0 0.333333 0 0 0 0 0.166667 
0 0 0.2 0.166667 0 0 0 0 0 0.333333 0 0 0 0 0.166667 
0 0 0.2 0.166667 0 0 0 0 0 0 0.5 0 0 0 0 
0 0 0 0 0.166667 0 0 0 0 0 0 0 0 0 0 
0 0 0 0 0.166667 0 0 0 0 0 0.5 0 0 0 0 
0 0 0 0 0.166667 0 0 0 0 0 0 0.333333 0 0 0 
0 0 0 0 0.166667 0 0 0 0 0 0 0.333333 0.2 0 0 
0 0 0 0 0.166667 0 0 0 0 0 0 0 0.2 0 0 
