20 41
37 91
27 83
37 3
4 82
79 73
13 5
5 40
71 49
63 1
9 84
66 7
18 69
53 3
62 28
97 100
73 48
80 61
52 25
51 32
49 58
31 14
28 12
3 76
70 71
75 29
16 42
98 43
57 30
74 28
100 99
12 46
79 63
12 72
36 61
35 76
62 71
56 0
38 32
22 70
76 48
33 56
65 13
99 57
43 45
39 24
40 31
75 44
8 77
19 62
31 13
81 4
9 79
95 49
80 69
70 53
3 91
76 15
88 62
58 21
45 88
38 66
34 28
1 4
47 32
44 97
1 1
29 56
41 28
23 30
9 25
44 52
55 71
57 9
18 23
75 96
40 35
93 35
90 62
90 86
36 76
95 27
92 30
56 7
0 51
8 99
39 74
98 73
67 16
25 0
6 72
6 21
44 85
81 32
68 5
31 62
9 45
73 73
62 59
76 14
35 89
31 46
46 69
1 87
89 85
28 45
30 1
71 58
67 63
26 56
26 70
67 87
62 36
66 17
50 25
13 77
73 78
64 30
91 33
36 46
11 17
73 16
96 47
63 90
46 66
98 90
12 52
4 3
26 44
48 23
59 43
28 61
33 30
74 2
30 97
60 70
52 28
11 65
89 93
18 72
39 58
65 55
70 90
93 4
63 68
67 96
71 9
91 19
12 39
20 55
77 42
14 75
77 96
21 76
54 80
10 86
20 82
55 38
6 7
81 70
20 85
92 76
15 75
97 84
1 44
75 85
91 14
37 84
28 83
67 25
55 17
97 36
11 61
9 54
92 45
9 62
53 0
90 11
94 37
77 36
36 51
70 20
30 38
28 66
2 64
100 93
68 70
83 58
9 58
91 78
77 0
54 30
88 40
63 91
65 77
56 28
9 74
0 18
62 19
69 47
1 11
98 19
40 60
6 38
33 63
23 44
62 16
58 59
12 51
66 13
68 74
37 88
50 30
49 52
92 60
83 96
28 65
52 38
97 23
38 62
92 19
68 47
50 36
18 68
51 36
77 1
57 11
68 91
17 32
31 79
11 45
67 77
64 100
77 100
100 31
40 59
15 28
98 69
16 38
96 51
14 73
76 25
20 21
21 70
58 84
90 93
60 81
59 71
87 51
73 27
26 6
35 84
93 56
90 52
21 59
27 32
11 74
80 68
38 81
100 85
56 94
25 84
70 81
74 9
97 50
9 75
95 15
92 23
21 86
15 19
85 5
40 29
52 47
26 62
62 95
3 66
6 51
81 89
15 70
59 8
47 94
65 31
41 4
55 41
78 50
78 21
2 24
35 12
18 35
94 76
55 65
69 97
55 83
70 57
10 88
60 73
98 93
21 40
9 83
46 30
85 32
3 50
100 83
7 14
19 67
72 24
91 27
97 44
48 71
54 65
50 48
41 72
67 10
19 17
46 70
20 24
63 98
73 4
41 81
78 27
80 23
9 61
47 51
70 39
25 46
92 85
64 65
8 5
78 52
86 94
17 30
21 49
16 17
12 20
69 33
37 23
95 66
12 18
22 62
98 53
48 61
5 55
83 91
67 7
5 30
81 85
86 98
16 52
86 3
21 15
94 4
9 10
75 34
48 14
88 52
46 10
33 28
85 35
24 85
34 53
59 36
51 70
71 68
26 7
21 90
86 56
45 56
2 65
7 99
31 43
83 83
47 70
6 58
15 18
52 27
0 62
24 4
65 6
70 65
29 29
2 91
45 60
54 15
74 26
0 10
61 90
63 5
66 51
45 90
44 68
12 35
74 19
87 85
77 45
89 97
45 35
90 36
48 24
20 1
43 14
68 41
70 17
59 99
20 4
46 58
42 98
40 95
22 31
24 46
64 51
8 64
32 50
79 16
23 77
33 74
32 67
87 89
91 44
50 68
87 81
39 71
71 4
91 23
26 36
77 69
50 86
51 83
35 77
33 32
51 95
34 76
12 73
83 10
74 69
47 65
94 84
96 12
80 73
31 39
17 93
71 56
34 33
16 16
81 47
9 49
28 8
28 85
37 62
73 39
10 10
15 89
97 57
91 21
7 19
35 68
11 87
78 43
92 92
86 45
22 30
58 8
35 54
19 54
92 96
81 2
37 45
13 1
55 97
1 71
25 89
65 25
4 15
74 6
22 7
81 87
24 50
65 23
2 70
42 2
14 23
65 52
38 37
49 86
14 96
97 89
80 88
46 49
98 78
97 80
87 32
8 52
45 40
16 18
58 98
4 31
47 82
68 76
7 29
7 86
25 14
100 65
22 45
93 5
77 13
32 27
64 90
11 77
73 0
71 45
16 79
46 5
93 27
25 3
29 8
50 3
92 93
38 17
30 0
58 26
31 24
90 83
65 45
10 3
79 31
65 7
100 46
85 74
22 84
15 34
49 49
96 46
2 69
19 49
68 77
37 19
26 66
22 52
18 22
55 64
6 13
48 100
71 33
67 41
95 68
90 70
66 81
49 82
25 83
23 38
69 52
49 94
19 64
29 18
32 57
50 43
23 52
93 28
85 20
3 74
57 70
62 31
32 70
34 87
85 67
18 63
24 34
36 71
64 9
79 66
44 26
95 10
95 50
100 77
42 82
98 91
32 94
81 6
71 62
69 37
33 29
68 46
69 60
5 15
32 66
40 84
39 38
80 24
66 67
76 95
33 33
79 62
47 63
11 43
48 32
27 53
95 48
84 60
90 37
26 61
77 17
95 2
82 49
17 45
91 99
100 90
34 90
13 78
27 36
30 60
7 34
81 75
41 46
10 37
51 41
70 4
81 77
25 11
35 16
35 0
41 9
13 80
62 85
53 57
89 22
3 17
31 94
31 36
24 80
21 74
98 1
62 62
9 77
80 42
40 50
54 90
47 74
42 45
67 70
27 29
21 65
23 40
60 23
0 41
6 93
20 28
28 11
88 5
44 69
85 52
19 6
44 1
11 25
53 74
21 93
17 63
38 80
27 70
32 46
31 77
70 84
72 9
30 83
68 63
4 41
53 51
18 92
51 14
4 71
10 13
27 93
78 34
84 61
47 49
66 97
78 85
60 30
13 14
28 39
37 94
88 34
42 50
45 61
72 2
81 100
30 48
0 24
91 20
55 3
87 35
21 31
94 95
32 19
27 99
96 98
85 24
20 0
42 85
23 58
46 73
6 68
12 62
94 10
53 90
74 91
18 25
81 45
18 12
24 44
74 30
41 58
16 47
74 37
65 33
90 6
23 83
73 45
63 16
21 34
89 96
40 10
51 56
66 33
53 1
67 37
96 55
16 43
8 37
57 31
83 17
31 89
27 91
32 28
64 1
51 73
69 86
75 80
77 35
13 97
29 30
64 45
24 100
61 95
31 91
71 22
94 75
89 44
36 22
83 9
21 11
86 35
53 61
100 28
63 56
58 80
74 92
49 83
90 65
84 39
35 98
80 17
81 78
36 16
8 92
64 76
30 29
95 94
64 18
28 62
30 74
34 74
99 26
63 43
88 74
38 68
88 17
58 35
62 78
51 55
0 55
33 98
15 97
78 63
47 7
36 4
97 91
71 60
49 73
23 25
54 37
21 6
0 27
32 81
85 59
39 25
1 75
7 92
40 9
8 31
53 82
28 2
2 1
14 78
50 75
34 55
8 63
92 62
22 55
37 55
4 67
29 62
88 8
27 17
15 47
32 71
86 14
12 82
43 40
57 10
71 100
53 63
98 5
24 35
13 9
27 30
49 56
52 40
40 93
90 4
75 51
67 27
34 2
27 44
63 58
39 64
81 48
9 11
75 69
11 80
19 92
31 21
54 71
13 62
10 56
2 81
4 48
93 19
78 60
79 22
43 95
21 81
81 17
28 77
79 26
58 61
55 40
10 69
66 28
0 90
28 21
13 12
5 50
55 96
0 0
70 70
44 55
93 75
65 4
85 8
95 12
36 44
10 57
22 78
25 94
86 5
56 5
9 34
33 49
47 38
61 59
65 11
57 86
54 6
53 73
52 98
15 6
41 6
59 9
61 84
33 1
40 68
62 6
21 45
56 78
22 87
40 85
43 36
87 92
22 81
83 80
3 64
45 45
79 40
52 74
15 48
4 10
32 11
27 100
95 74
18 86
55 8
28 69
72 67
40 18
37 44
17 97
25 2
24 94
19 79
51 45
28 91
49 15
31 72
95 0
26 8
57 98
98 64
78 8
72 56
61 78
66 74
1 88
26 47
45 5
83 71
100 80
62 1
91 55
24 49
12 13
32 83
8 25
49 34
93 62
44 27
2 16
43 61
54 86
15 53
23 55
63 19
95 84
74 77
99 25
10 79
73 86
37 52
